           1  -2.8971024372334831E+025
           2  -7.2097997337372028E+025
           3  -2.5872214153380518E+026
           4  -6.1600093118093747E+026
           5  -1.1982965545176351E+027
           6  -2.0592827712608050E+027
           7  -3.2521766948268760E+027
           8  -4.8262895991969804E+027
           9  -6.8291113712278616E+027
          10  -9.3068277881392032E+027
          11  -1.2303964701950221E+028
          12  -1.5862638180835720E+028
          13  -2.0023217645808865E+028
          14  -2.4819020960776388E+028
          15  -3.0283290700468885E+028
          16  -3.6446958395495510E+028
          17  -4.3333373391417717E+028
          18  -5.0974667996852076E+028
          19  -5.9393987417679609E+028
          20  -6.8595982351408612E+028
          21  -7.8596942654313465E+028
          22  -8.9419099311670414E+028
          23  -1.0106278030405997E+029
          24  -1.1353177728619833E+029
          25  -1.2682953061530375E+029
          26  -1.4094912451368968E+029
          27  -1.5588290323121035E+029
          28  -1.7162537131002113E+029
          29  -1.8816817361856481E+029
          30  -2.0550110274426629E+029
          31  -2.2359255011108327E+029
          32  -2.4242654118500651E+029
          33  -2.6198279423624320E+029
          34  -2.8221292773051423E+029
          35  -3.0309127846304799E+029
          36  -3.2459096127176573E+029
          37  -3.4668288753683608E+029
          38  -3.6933645067923535E+029
          39  -3.9249387395916508E+029
          40  -4.1612137990619377E+029
          41  -4.4018229632388804E+029
          42  -4.6461171302037935E+029
          43  -4.8940004089445618E+029
          44  -5.1450799582336427E+029
          45  -5.3983492643773505E+029
          46  -5.6533088374200616E+029
          47  -5.9098525058785148E+029
          48  -6.1672325588734827E+029
          49  -6.4250357487360956E+029
          50  -6.6829243517382159E+029
          51  -6.9400457583875570E+029
          52  -7.1958867289533939E+029
          53  -7.4501225348938378E+029
          54  -7.7023512683087744E+029
          55  -7.9520921446041768E+029
          56  -8.1990500430987104E+029
          57  -8.4424649317569517E+029
          58  -8.6814946412879013E+029
          59  -8.9161781535247593E+029
          60  -9.1462619466627403E+029
          61  -9.3710261013616167E+029
          62  -9.5900836689481677E+029
          63  -9.8031466208236024E+029
          64  -1.0009531124180418E+030
          65  -1.0208988395889431E+030
          66  -1.0401283628797857E+030
          67  -1.0585789186164321E+030
          68  -1.0762668229765362E+030
          69  -1.0931750032690951E+030
          70  -1.1092533089946975E+030
          71  -1.1244890640806164E+030
          72  -1.1388297488141554E+030
          73  -1.1522618405741443E+030
          74  -1.1647794221012136E+030
          75  -1.1763834679420398E+030
          76  -1.1870680434883654E+030
          77  -1.1967921284766722E+030
          78  -1.2055590552075294E+030
          79  -1.2133734259691333E+030
          80  -1.2202424768678244E+030
          81  -1.2261344818308793E+030
          82  -1.2310605962818315E+030
          83  -1.2350336221844962E+030
          84  -1.2380680458087924E+030
          85  -1.2401799125561316E+030
          86  -1.2413485600425819E+030
          87  -1.2415934745725046E+030
          88  -1.2408987282869624E+030
          89  -1.2392874587371757E+030
          90  -1.2367853596066150E+030
          91  -1.2334166446431318E+030
          92  -1.2292086095686522E+030
          93  -1.2241551330581160E+030
          94  -1.2182861081671890E+030
          95  -1.2116293531459813E+030
          96  -1.2042156615867909E+030
          97  -1.1960464939791477E+030
          98  -1.1871544935703898E+030
          99  -1.1775737526358262E+030
         100  -1.1673065061769156E+030
         101  -1.1563833604672206E+030
         102  -1.1448391678389611E+030
         103  -1.1327132499609924E+030
         104  -1.1200405923935431E+030
         105  -1.1068558540428542E+030
         106  -1.0931663182215016E+030
         107  -1.0790067561044929E+030
         108  -1.0644127206399236E+030
         109  -1.0494180560756105E+030
         110  -1.0340572944520080E+030
         111  -1.0183389228505045E+030
         112  -1.0022966042559877E+030
         113  -9.8596363891631058E+029
         114  -9.6937238923707082E+029
         115  -9.5255442857147164E+029
         116  -9.3554046760833719E+029
         117  -9.1833953251011151E+029
         118  -9.0098126512783735E+029
         119  -8.8351476445384269E+029
         120  -8.6594809867548993E+029
         121  -8.4828942592903205E+029
         122  -8.3058372407752344E+029
         123  -8.1285657657809641E+029
         124  -7.9511465566893341E+029
         125  -7.7738189596931531E+029
         126  -7.5968116350100801E+029
         127  -7.4203447567720055E+029
         128  -7.2446278771197541E+029
         129  -7.0697887308320256E+029
         130  -6.8960175661723144E+029
         131  -6.7235646101758767E+029
         132  -6.5524625896231111E+029
         133  -6.3828701822689950E+029
         134  -6.2149463539873363E+029
         135  -6.0487124133626165E+029
         136  -5.8844260084227906E+029
         137  -5.7222139938522052E+029
         138  -5.5620784009142662E+029
         139  -5.4041323227072169E+029
         140  -5.2484795188839447E+029
         141  -5.0952146081297157E+029
         142  -4.9444218474167378E+029
         143  -4.7961786168534103E+029
         144  -4.6505348487244052E+029
         145  -4.5075537925607663E+029
         146  -4.3673101393241397E+029
         147  -4.2297715092631401E+029
         148  -4.0949794402542042E+029
         149  -3.9630452410691590E+029
         150  -3.8339260668694918E+029
         151  -3.7075782276035256E+029
         152  -3.5840882085014533E+029
         153  -3.4634711334692085E+029
         154  -3.3456736004127498E+029
         155  -3.2307021666168984E+029
         156  -3.1186115238445771E+029
         157  -3.0093959104862463E+029
         158  -2.9029917734079853E+029
         159  -2.7993869335648347E+029
         160  -2.6985651921877740E+029
         161  -2.6005066006540257E+029
         162  -2.5051473413440305E+029
         163  -2.4124624243507304E+029
         164  -2.3224649851521358E+029
         165  -2.2351059886036440E+029
         166  -2.1503153255302511E+029
         167  -2.0680707190293126E+029
         168  -1.9883656147988680E+029
         169  -1.9111293176475445E+029
         170  -1.8363204176926920E+029
         171  -1.7638985673937091E+029
         172  -1.6938192705359684E+029
         173  -1.6260392548905408E+029
         174  -1.5605096995294478E+029
         175  -1.4971852546036270E+029
         176  -1.4359951834463106E+029
         177  -1.3769150256111855E+029
         178  -1.3198980167070247E+029
         179  -1.2648729263583178E+029
         180  -1.2117925894281313E+029
         181  -1.1606267286893124E+029
         182  -1.1113274183722117E+029
         183  -1.0638294463769045E+029
         184  -1.0180852190094873E+029
         185  -9.7404490028075762E+028
         186  -9.3166173869205452E+028
         187  -8.9088934767056476E+028
         188  -8.5168152769442902E+028
         189  -8.1399228395086126E+028
         190  -7.7777432657268887E+028
         191  -7.4298276152296725E+028
         192  -7.0957357447901910E+028
         193  -6.7750163494561697E+028
         194  -6.4671498715425198E+028
         195  -6.1717389587991047E+028
         196  -5.8884488991398308E+028
         197  -5.6168592316432917E+028
         198  -5.3565865564244476E+028
         199  -5.1071736348734193E+028
         200  -4.8682296738622452E+028
         201  -4.6394542707748974E+028
         202  -4.4204131485733957E+028
         203  -4.2107558333266163E+028
         204  -4.0102118748263410E+028
         205  -3.8183830704344591E+028
         206  -3.6349337548133768E+028
         207  -3.4596093476120387E+028
         208  -3.2920559476461475E+028
         209  -3.1319648373627531E+028
         210  -2.9790509335661027E+028
         211  -2.8330242804154136E+028
         212  -2.6936507541546990E+028
         213  -2.5606401469827050E+028
         214  -2.4337283192773283E+028
         215  -2.3126622063354272E+028
         216  -2.1972095120998981E+028
         217  -2.0871417088385288E+028
         218  -1.9822276818539254E+028
         219  -1.8822547577136518E+028
         220  -1.7870072250304439E+028
         221  -1.6962860635350453E+028
         222  -1.6098981357027509E+028
         223  -1.5276574199756452E+028
         224  -1.4493835277810547E+028
         225  -1.3748996150703109E+028
         226  -1.3040229055181210E+028
         227  -1.2366099535987448E+028
         228  -1.1725075648026928E+028
         229  -1.1115667990300102E+028
         230  -1.0536422183958299E+028
         231  -9.9859631526154423E+027
         232  -9.4629881045560322E+027
         233  -8.9661254771920573E+027
         234  -8.4942783147466347E+027
         235  -8.0462610933439178E+027
         236  -7.6209569350614536E+027
         237  -7.2173098686804679E+027
         238  -6.8342690000151991E+027
         239  -6.4708588520339916E+027
         240  -6.1260734021357634E+027
         241  -5.7990933757095864E+027
         242  -5.4890669523596797E+027
         243  -5.1951472414163257E+027
         244  -4.9165586519484823E+027
         245  -4.6525504101136510E+027
         246  -4.4024109860968632E+027
         247  -4.1653937250786693E+027
         248  -3.9408953401301150E+027
         249  -3.7283143825397923E+027
         250  -3.5270378233881825E+027
         251  -3.3364877019547109E+027
         252  -3.1561244519218175E+027
         253  -2.9854364288309415E+027
         254  -2.8239315327616648E+027
         255  -2.6711443513908028E+027
         256  -2.5266278146943613E+027
         257  -2.3899496697434606E+027
         258  -2.2607048798369625E+027
         259  -2.1385117985389429E+027
         260  -2.0230032162527865E+027
         261  -1.9138339822483770E+027
         262  -1.8106639614229220E+027
         263  -1.7131801947272669E+027
         264  -1.6210828396770247E+027
         265  -1.5340975013816845E+027
         266  -1.4519387600542835E+027
         267  -1.3743501165928390E+027
         268  -1.3010895848207653E+027
         269  -1.2319257939745995E+027
         270  -1.1666453672916262E+027
         271  -1.1050289379369048E+027
         272  -1.0468791935169319E+027
         273  -9.9201866349239622E+026
         274  -9.4026005504520425E+026
         275  -8.9143436763644537E+026
         276  -8.4538621511512770E+026
         277  -8.0195659012538681E+026
         278  -7.6100191173976492E+026
         279  -7.2238943942232317E+026
         280  -6.8599317935827754E+026
         281  -6.5169060346884245E+026
         282  -6.1935732185933386E+026
         283  -5.8888163895102590E+026
         284  -5.6016514754202645E+026
         285  -5.3311198211388604E+026
         286  -5.0762686948415449E+026
         287  -4.8362170029066476E+026
         288  -4.6101352727909111E+026
         289  -4.3972349974953583E+026
         290  -4.1967706773591773E+026
         291  -4.0080212703400006E+026
         292  -3.8303240093005171E+026
         293  -3.6630508004917985E+026
         294  -3.5055932158692147E+026
         295  -3.3573906896122722E+026
         296  -3.2179279761074401E+026
         297  -3.0866928280596434E+026
         298  -2.9632124294559964E+026
         299  -2.8470413174976020E+026
         300  -2.7377482122008083E+026
         301  -2.6349365310682745E+026
         302  -2.5382449295670224E+026
         303  -2.4473196836250393E+026
         304  -2.3618123433197542E+026
         305  -2.2814079240005088E+026
         306  -2.2058200576672783E+026
         307  -2.1347607359227092E+026
         308  -2.0679549301315207E+026
         309  -2.0051635744080131E+026
         310  -1.9461453464346757E+026
         311  -1.8906747555212993E+026
         312  -1.8385511638700830E+026
         313  -1.7895726859813265E+026
         314  -1.7435530935656471E+026
         315  -1.7003137322018790E+026
         316  -1.6596893983698205E+026
         317  -1.6215292424677444E+026
         318  -1.5856830692539868E+026
         319  -1.5520179974369140E+026
         320  -1.5203997193275129E+026
         321  -1.4907056924382234E+026
         322  -1.4628251327884840E+026
         323  -1.4366431462204890E+026
         324  -1.4120577113978736E+026
         325  -1.3889766338584072E+026
         326  -1.3673094564143356E+026
         327  -1.3469681853106911E+026
         328  -1.3278730315050845E+026
         329  -1.3099496929773026E+026
         330  -1.2931271810721300E+026
         331  -1.2773390418425257E+026
         332  -1.2625226977508830E+026
         333  -1.2486193517837678E+026
         334  -1.2355721102516424E+026
         335  -1.2233290390931832E+026
         336  -1.2118413045738421E+026
         337  -1.2010629730116576E+026
         338  -1.1909508609571088E+026
         339  -1.1814643648553134E+026
         340  -1.1725653125626705E+026
         341  -1.1642180050554987E+026
         342  -1.1563887052571154E+026
         343  -1.1490446933329494E+026
         344  -1.1421562292849649E+026
         345  -1.1356962587271284E+026
         346  -1.1296378232082706E+026
         347  -1.1239568239695766E+026
         348  -1.1186301075084962E+026
         349  -1.1136346111411637E+026
         350  -1.1089505560471411E+026
         351  -1.1045583045601732E+026
         352  -1.1004397843260779E+026
         353  -1.0965786037467793E+026
         354  -1.0929584275895042E+026
         355  -1.0895647854871043E+026
         356  -1.0863832805505176E+026
         357  -1.0834007388585964E+026
         358  -1.0806051225232555E+026
         359  -1.0779844275544774E+026
         360  -1.0755278409402242E+026
         361  -1.0732251805161262E+026
         362  -1.0710668731502216E+026
         363  -1.0690439743298589E+026
         364  -1.0671481023489237E+026
         365  -1.0653713368297184E+026
         366  -1.0637062642976175E+026
         367  -1.0621457703746860E+026
         368  -1.0606833299416443E+026
         369  -1.0593128461336390E+026
         370  -1.0580285773955512E+026
         371  -1.0568251496917225E+026
         372  -1.0556973775352581E+026
         373  -1.0546405437051441E+026
         374  -1.0536502210820762E+026
         375  -1.0527222695455206E+026
         376  -1.0518527982326842E+026
         377  -1.0510381399142026E+026
         378  -1.0502748561030028E+026
         379  -1.0495597356738891E+026
         380  -1.0488896826604566E+026
         381  -1.0482618754919509E+026
         382  -1.0476737413131808E+026
         383  -1.0471227172142922E+026
         384  -1.0466064171652186E+026
         385  -1.0461227226682885E+026
         386  -1.0456695940818103E+026
         387  -1.0452450572641977E+026
         388  -1.0448473165978710E+026
         389  -1.0444746862959739E+026
         390  -1.0441255896459247E+026
         391  -1.0437985510706332E+026
         392  -1.0434921826740379E+026
         393  -1.0432051902108389E+026
         394  -1.0429363159058742E+026
         395  -1.0426844161140738E+026
         396  -1.0424484296561325E+026
         397  -1.0422273540848629E+026
         398  -1.0420202532797747E+026
         399  -1.0418262187044737E+026
         400  -1.0416444535652988E+026
         401  -1.0414741879879544E+026
         402  -1.0413146739027488E+026
         403  -1.0411652349048620E+026
         404  -1.0410252380727125E+026
         405  -1.0408940884497181E+026
         406  -1.0407712274517594E+026
         407  -1.0406561329895124E+026
         408  -1.0405483010993924E+026
         409  -1.0404472746159891E+026
         410  -1.0403526394750614E+026
         411  -1.0402639796966358E+026
         412  -1.0401809061931475E+026
         413  -1.0401030788445147E+026
         414  -1.0400301684012126E+026
         415  -1.0399618535412353E+026
         416  -1.0398978546701594E+026
         417  -1.0398379007824899E+026
         418  -1.0397817272297009E+026
         419  -1.0397290964297681E+026
         420  -1.0396797857280870E+026
         421  -1.0396335855435904E+026
         422  -1.0395902933358766E+026
         423  -1.0395497261946047E+026
         424  -1.0395117186443320E+026
         425  -1.0394761041034307E+026
         426  -1.0394427316651811E+026
         427  -1.0394114603615378E+026
         428  -1.0393821579938110E+026
         429  -1.0393547008622710E+026
         430  -1.0393289685064042E+026
         431  -1.0393048564878847E+026
         432  -1.0392822632374670E+026
         433  -1.0392610894407122E+026
         434  -1.0392412457339918E+026
         435  -1.0392226485731377E+026
         436  -1.0392052197823460E+026
         437  -1.0391888858020771E+026
         438  -1.0391735753087033E+026
         439  -1.0391592242061970E+026
         440  -1.0391457746151950E+026
         441  -1.0391331676710536E+026
         442  -1.0391213505085124E+026
         443  -1.0391102736978536E+026
         444  -1.0390998907167816E+026
         445  -1.0390901581900057E+026
         446  -1.0390810352153852E+026
         447  -1.0390724837370542E+026
         448  -1.0390644664362497E+026
         449  -1.0390569498231939E+026
         450  -1.0390499025154383E+026
         451  -1.0390432951739014E+026
         452  -1.0390371003425811E+026
         453  -1.0390312922720894E+026
         454  -1.0390258466903699E+026
         455  -1.0390207399899369E+026
         456  -1.0390159510753582E+026
         457  -1.0390114609311241E+026
         458  -1.0390072500952184E+026
         459  -1.0390033011825679E+026
         460  -1.0389995978737026E+026
         461  -1.0389961247835028E+026
         462  -1.0389928676082579E+026
         463  -1.0389898123037262E+026
         464  -1.0389869468912772E+026
         465  -1.0389842595460538E+026
         466  -1.0389817386223491E+026
         467  -1.0389793738008828E+026
         468  -1.0389771554068427E+026
         469  -1.0389750743474565E+026
         470  -1.0389731220795790E+026
         471  -1.0389712905895497E+026
         472  -1.0389695720567334E+026
         473  -1.0389679594719218E+026
         474  -1.0389664466035732E+026
         475  -1.0389650269675840E+026
         476  -1.0389636947786193E+026
         477  -1.0389624446556599E+026
         478  -1.0389612715118589E+026
         479  -1.0389601705965836E+026
         480  -1.0389591374315853E+026
         481  -1.0389581678417062E+026
         482  -1.0389572577081848E+026
         483  -1.0389564033630177E+026
         484  -1.0389556013585456E+026
         485  -1.0389548484805367E+026
         486  -1.0389541417126028E+026
         487  -1.0389534782131470E+026
         488  -1.0389528553158856E+026
         489  -1.0389522705360010E+026
         490  -1.0389517215266492E+026
         491  -1.0389512059721479E+026
         492  -1.0389507218230064E+026
         493  -1.0389502672593561E+026
         494  -1.0389498403694038E+026
         495  -1.0389494394553066E+026
         496  -1.0389490629302551E+026
         497  -1.0389487093012283E+026
         498  -1.0389483771741137E+026
         499  -1.0389480651565774E+026
         500  -1.0389477720920592E+026
         501  -1.0389474968276234E+026
         502  -1.0389472382127491E+026
         503  -1.0389469952326995E+026
         504  -1.0389467669372048E+026
         505  -1.0389465524341083E+026
         506  -1.0389463508837571E+026
         507  -1.0389461615011353E+026
         508  -1.0389459835478998E+026
         509  -1.0389458163289057E+026
         510  -1.0389456591547022E+026
         511  -1.0389455114152290E+026
         512  -1.0389453725768494E+026
         513  -1.0389452420679416E+026
         514  -1.0389451193840118E+026
         515  -1.0389450040556075E+026
         516  -1.0389448956365592E+026
         517  -1.0389447937102521E+026
         518  -1.0389446978605323E+026
         519  -1.0389446077458208E+026
         520  -1.0389445230213798E+026
         521  -1.0389444433409698E+026
         522  -1.0389443684022881E+026
         523  -1.0389442979213364E+026
         524  -1.0389442316311962E+026
         525  -1.0389441692801101E+026
         526  -1.0389441106323157E+026
         527  -1.0389440554668839E+026
         528  -1.0389440035752986E+026
         529  -1.0389439547615611E+026
         530  -1.0389439088417944E+026
         531  -1.0389438656316380E+026
         532  -1.0389438249691502E+026
         533  -1.0389437867039248E+026
         534  -1.0389437506929728E+026
         535  -1.0389437168119414E+026
         536  -1.0389436849251211E+026
         537  -1.0389436549140617E+026
         538  -1.0389436266678408E+026
         539  -1.0389436000735455E+026
         540  -1.0389435750338091E+026
         541  -1.0389435514640157E+026
         542  -1.0389435292774310E+026
         543  -1.0389435083857069E+026
         544  -1.0389434887125457E+026
         545  -1.0389434701863288E+026
         546  -1.0389434527396463E+026
         547  -1.0389434363091185E+026
         548  -1.0389434208349784E+026
         549  -1.0389434062609902E+026
         550  -1.0389433925345235E+026
         551  -1.0389433796058927E+026
         552  -1.0389433674282630E+026
         553  -1.0389433559540885E+026
         554  -1.0389433451421132E+026
         555  -1.0389433349539854E+026
         556  -1.0389433253532587E+026
         557  -1.0389433163087007E+026
         558  -1.0389433077850908E+026
         559  -1.0389432997520912E+026
         560  -1.0389432921813731E+026
         561  -1.0389432850435902E+026
         562  -1.0389432783158720E+026
         563  -1.0389432719745831E+026
         564  -1.0389432659953348E+026
         565  -1.0389432603572183E+026
         566  -1.0389432550422972E+026
         567  -1.0389432500319921E+026
         568  -1.0389432453070498E+026
         569  -1.0389432408510370E+026
         570  -1.0389432366484476E+026
         571  -1.0389432326847746E+026
         572  -1.0389432289463262E+026
         573  -1.0389432254201634E+026
         574  -1.0389432220929513E+026
         575  -1.0389432189532742E+026
         576  -1.0389432159915704E+026
         577  -1.0389432131976432E+026
         578  -1.0389432105609377E+026
         579  -1.0389432080724937E+026
         580  -1.0389432057247820E+026
         581  -1.0389432035089630E+026
         582  -1.0389432014175002E+026
         583  -1.0389431994433880E+026
         584  -1.0389431975799598E+026
         585  -1.0389431958209588E+026
         586  -1.0389431941598180E+026
         587  -1.0389431925916296E+026
         588  -1.0389431911111630E+026
         589  -1.0389431897128927E+026
         590  -1.0389431883922212E+026
         591  -1.0389431871452718E+026
         592  -1.0389431859679070E+026
         593  -1.0389431848557615E+026
         594  -1.0389431838051767E+026
         595  -1.0389431828127115E+026
         596  -1.0389431818751114E+026
         597  -1.0389431809893055E+026
         598  -1.0389431801524058E+026
         599  -1.0389431793616872E+026
         600  -1.0389431786145713E+026
         601  -1.0389431779083413E+026
         602  -1.0389431772407223E+026
         603  -1.0389431766098543E+026
         604  -1.0389431760136910E+026
         605  -1.0389431754500650E+026
         606  -1.0389431749171711E+026
         607  -1.0389431744133259E+026
         608  -1.0389431739369193E+026
         609  -1.0389431734864475E+026
         610  -1.0389431730604706E+026
         611  -1.0389431726576558E+026
         612  -1.0389431722767193E+026
         613  -1.0389431719164659E+026
         614  -1.0389431715757511E+026
         615  -1.0389431712535092E+026
         616  -1.0389431709485940E+026
         617  -1.0389431706600589E+026
         618  -1.0389431703871325E+026
         619  -1.0389431701289678E+026
         620  -1.0389431698846424E+026
         621  -1.0389431696534059E+026
         622  -1.0389431694345493E+026
         623  -1.0389431692274030E+026
         624  -1.0389431690313304E+026
         625  -1.0389431688457313E+026
         626  -1.0389431686700417E+026
         627  -1.0389431685037273E+026
         628  -1.0389431683462798E+026
         629  -1.0389431681972218E+026
         630  -1.0389431680561013E+026
         631  -1.0389431679224275E+026
         632  -1.0389431677957990E+026
         633  -1.0389431676758981E+026
         634  -1.0389431675623107E+026
         635  -1.0389431674547018E+026
         636  -1.0389431673527858E+026
         637  -1.0389431672562334E+026
         638  -1.0389431671647589E+026
         639  -1.0389431670780868E+026
         640  -1.0389431669959577E+026
         641  -1.0389431669181303E+026
         642  -1.0389431668443763E+026
         643  -1.0389431667744767E+026
         644  -1.0389431667082207E+026
         645  -1.0389431666454157E+026
         646  -1.0389431665858796E+026
         647  -1.0389431665294374E+026
         648  -1.0389431664759257E+026
         649  -1.0389431664251877E+026
         650  -1.0389431663770754E+026
         651  -1.0389431663314519E+026
         652  -1.0389431662881835E+026
         653  -1.0389431662471474E+026
         654  -1.0389431662082269E+026
         655  -1.0389431661713075E+026
         656  -1.0389431661362848E+026
         657  -1.0389431661030601E+026
         658  -1.0389431660715366E+026
         659  -1.0389431660416254E+026
         660  -1.0389431660132434E+026
         661  -1.0389431659863097E+026
         662  -1.0389431659607495E+026
         663  -1.0389431659364903E+026
         664  -1.0389431659134638E+026
         665  -1.0389431658916065E+026
         666  -1.0389431658708582E+026
         667  -1.0389431658511607E+026
         668  -1.0389431658324588E+026
         669  -1.0389431658147017E+026
         670  -1.0389431657978410E+026
         671  -1.0389431657818297E+026
         672  -1.0389431657666237E+026
         673  -1.0389431657521818E+026
         674  -1.0389431657384641E+026
         675  -1.0389431657254336E+026
         676  -1.0389431657130546E+026
         677  -1.0389431657012945E+026
         678  -1.0389431656901219E+026
         679  -1.0389431656795063E+026
         680  -1.0389431656694191E+026
         681  -1.0389431656598327E+026
         682  -1.0389431656507223E+026
         683  -1.0389431656420634E+026
         684  -1.0389431656338334E+026
         685  -1.0389431656260102E+026
         686  -1.0389431656185731E+026
         687  -1.0389431656115030E+026
         688  -1.0389431656047814E+026
         689  -1.0389431655983898E+026
         690  -1.0389431655923119E+026
         691  -1.0389431655865321E+026
         692  -1.0389431655810352E+026
         693  -1.0389431655758074E+026
         694  -1.0389431655708350E+026
         695  -1.0389431655661052E+026
         696  -1.0389431655616056E+026
         697  -1.0389431655573249E+026
         698  -1.0389431655532521E+026
         699  -1.0389431655493768E+026
         700  -1.0389431655456894E+026
         701  -1.0389431655421805E+026
         702  -1.0389431655388411E+026
         703  -1.0389431655356625E+026
         704  -1.0389431655326371E+026
         705  -1.0389431655297574E+026
         706  -1.0389431655270160E+026
         707  -1.0389431655244061E+026
         708  -1.0389431655219212E+026
         709  -1.0389431655195553E+026
         710  -1.0389431655173025E+026
         711  -1.0389431655151571E+026
         712  -1.0389431655131139E+026
         713  -1.0389431655111680E+026
         714  -1.0389431655093144E+026
         715  -1.0389431655075488E+026
         716  -1.0389431655058671E+026
         717  -1.0389431655042647E+026
         718  -1.0389431655027383E+026
         719  -1.0389431655012837E+026
         720  -1.0389431654998976E+026
         721  -1.0389431654985770E+026
         722  -1.0389431654973181E+026
         723  -1.0389431654961184E+026
         724  -1.0389431654949751E+026
         725  -1.0389431654938852E+026
         726  -1.0389431654928460E+026
         727  -1.0389431654918555E+026
         728  -1.0389431654909112E+026
         729  -1.0389431654900108E+026
         730  -1.0389431654891519E+026
         731  -1.0389431654883333E+026
         732  -1.0389431654875523E+026
         733  -1.0389431654868076E+026
         734  -1.0389431654860974E+026
         735  -1.0389431654854198E+026
         736  -1.0389431654847733E+026
         737  -1.0389431654841567E+026
         738  -1.0389431654835683E+026
         739  -1.0389431654830071E+026
         740  -1.0389431654824716E+026
         741  -1.0389431654819605E+026
         742  -1.0389431654814729E+026
         743  -1.0389431654810075E+026
         744  -1.0389431654805632E+026
         745  -1.0389431654801392E+026
         746  -1.0389431654797343E+026
         747  -1.0389431654793477E+026
         748  -1.0389431654789789E+026
         749  -1.0389431654786265E+026
         750  -1.0389431654782903E+026
         751  -1.0389431654779692E+026
         752  -1.0389431654776626E+026
         753  -1.0389431654773697E+026
         754  -1.0389431654770900E+026
         755  -1.0389431654768226E+026
         756  -1.0389431654765674E+026
         757  -1.0389431654763236E+026
         758  -1.0389431654760906E+026
         759  -1.0389431654758680E+026
         760  -1.0389431654756553E+026
         761  -1.0389431654754520E+026
         762  -1.0389431654752579E+026
         763  -1.0389431654750722E+026
         764  -1.0389431654748947E+026
         765  -1.0389431654747253E+026
         766  -1.0389431654745633E+026
         767  -1.0389431654744084E+026
         768  -1.0389431654742604E+026
         769  -1.0389431654741187E+026
         770  -1.0389431654739833E+026
         771  -1.0389431654738540E+026
         772  -1.0389431654737301E+026
         773  -1.0389431654736117E+026
         774  -1.0389431654734985E+026
         775  -1.0389431654733903E+026
         776  -1.0389431654732867E+026
         777  -1.0389431654731877E+026
         778  -1.0389431654730929E+026
         779  -1.0389431654730024E+026
         780  -1.0389431654729156E+026
         781  -1.0389431654728326E+026
         782  -1.0389431654727532E+026
         783  -1.0389431654726773E+026
         784  -1.0389431654726045E+026
         785  -1.0389431654725349E+026
         786  -1.0389431654724682E+026
         787  -1.0389431654724047E+026
         788  -1.0389431654723435E+026
         789  -1.0389431654722851E+026
         790  -1.0389431654722291E+026
         791  -1.0389431654721757E+026
         792  -1.0389431654721243E+026
         793  -1.0389431654720752E+026
         794  -1.0389431654720281E+026
         795  -1.0389431654719831E+026
         796  -1.0389431654719400E+026
         797  -1.0389431654718986E+026
         798  -1.0389431654718590E+026
         799  -1.0389431654718212E+026
         800  -1.0389431654717850E+026
         801  -1.0389431654717501E+026
         802  -1.0389431654717168E+026
         803  -1.0389431654716848E+026
         804  -1.0389431654716543E+026
         805  -1.0389431654716249E+026
         806  -1.0389431654715969E+026
         807  -1.0389431654715699E+026
         808  -1.0389431654715441E+026
         809  -1.0389431654715196E+026
         810  -1.0389431654714957E+026
         811  -1.0389431654714730E+026
         812  -1.0389431654714512E+026
         813  -1.0389431654714302E+026
         814  -1.0389431654714103E+026
         815  -1.0389431654713911E+026
         816  -1.0389431654713725E+026
         817  -1.0389431654713550E+026
         818  -1.0389431654713380E+026
         819  -1.0389431654713217E+026
         820  -1.0389431654713060E+026
         821  -1.0389431654712909E+026
         822  -1.0389431654712766E+026
         823  -1.0389431654712629E+026
         824  -1.0389431654712497E+026
         825  -1.0389431654712371E+026
         826  -1.0389431654712249E+026
         827  -1.0389431654712134E+026
         828  -1.0389431654712021E+026
         829  -1.0389431654711913E+026
         830  -1.0389431654711811E+026
         831  -1.0389431654711712E+026
         832  -1.0389431654711617E+026
         833  -1.0389431654711526E+026
         834  -1.0389431654711438E+026
         835  -1.0389431654711354E+026
         836  -1.0389431654711273E+026
         837  -1.0389431654711196E+026
         838  -1.0389431654711122E+026
         839  -1.0389431654711052E+026
         840  -1.0389431654710981E+026
         841  -1.0389431654710916E+026
         842  -1.0389431654710853E+026
         843  -1.0389431654710792E+026
         844  -1.0389431654710732E+026
         845  -1.0389431654710677E+026
         846  -1.0389431654710624E+026
         847  -1.0389431654710571E+026
         848  -1.0389431654710521E+026
         849  -1.0389431654710473E+026
         850  -1.0389431654710428E+026
         851  -1.0389431654710384E+026
         852  -1.0389431654710342E+026
         853  -1.0389431654710301E+026
         854  -1.0389431654710263E+026
         855  -1.0389431654710225E+026
         856  -1.0389431654710189E+026
         857  -1.0389431654710153E+026
         858  -1.0389431654710119E+026
         859  -1.0389431654710088E+026
         860  -1.0389431654710057E+026
         861  -1.0389431654710028E+026
         862  -1.0389431654709999E+026
         863  -1.0389431654709971E+026
         864  -1.0389431654709944E+026
         865  -1.0389431654709920E+026
         866  -1.0389431654709894E+026
         867  -1.0389431654709870E+026
         868  -1.0389431654709849E+026
         869  -1.0389431654709827E+026
         870  -1.0389431654709806E+026
         871  -1.0389431654709786E+026
         872  -1.0389431654709765E+026
         873  -1.0389431654709748E+026
         874  -1.0389431654709729E+026
         875  -1.0389431654709712E+026
         876  -1.0389431654709695E+026
         877  -1.0389431654709677E+026
         878  -1.0389431654709664E+026
         879  -1.0389431654709648E+026
         880  -1.0389431654709635E+026
         881  -1.0389431654709621E+026
         882  -1.0389431654709607E+026
         883  -1.0389431654709593E+026
         884  -1.0389431654709581E+026
         885  -1.0389431654709571E+026
         886  -1.0389431654709559E+026
         887  -1.0389431654709547E+026
         888  -1.0389431654709537E+026
         889  -1.0389431654709526E+026
         890  -1.0389431654709516E+026
         891  -1.0389431654709506E+026
         892  -1.0389431654709497E+026
         893  -1.0389431654709488E+026
         894  -1.0389431654709482E+026
         895  -1.0389431654709473E+026
         896  -1.0389431654709464E+026
         897  -1.0389431654709458E+026
         898  -1.0389431654709451E+026
         899  -1.0389431654709444E+026
         900  -1.0389431654709437E+026
         901  -1.0389431654709430E+026
         902  -1.0389431654709423E+026
         903  -1.0389431654709416E+026
         904  -1.0389431654709411E+026
         905  -1.0389431654709406E+026
         906  -1.0389431654709401E+026
         907  -1.0389431654709397E+026
         908  -1.0389431654709392E+026
         909  -1.0389431654709387E+026
         910  -1.0389431654709382E+026
         911  -1.0389431654709377E+026
         912  -1.0389431654709372E+026
         913  -1.0389431654709368E+026
         914  -1.0389431654709365E+026
         915  -1.0389431654709361E+026
         916  -1.0389431654709358E+026
         917  -1.0389431654709354E+026
         918  -1.0389431654709351E+026
         919  -1.0389431654709348E+026
         920  -1.0389431654709344E+026
         921  -1.0389431654709341E+026
         922  -1.0389431654709337E+026
         923  -1.0389431654709334E+026
         924  -1.0389431654709330E+026
         925  -1.0389431654709327E+026
         926  -1.0389431654709324E+026
         927  -1.0389431654709320E+026
         928  -1.0389431654709318E+026
         929  -1.0389431654709317E+026
         930  -1.0389431654709315E+026
         931  -1.0389431654709313E+026
         932  -1.0389431654709312E+026
         933  -1.0389431654709310E+026
         934  -1.0389431654709308E+026
         935  -1.0389431654709306E+026
         936  -1.0389431654709305E+026
         937  -1.0389431654709303E+026
         938  -1.0389431654709303E+026
         939  -1.0389431654709301E+026
         940  -1.0389431654709299E+026
         941  -1.0389431654709298E+026
         942  -1.0389431654709296E+026
         943  -1.0389431654709294E+026
         944  -1.0389431654709293E+026
         945  -1.0389431654709291E+026
         946  -1.0389431654709289E+026
         947  -1.0389431654709287E+026
         948  -1.0389431654709286E+026
         949  -1.0389431654709284E+026
         950  -1.0389431654709282E+026
         951  -1.0389431654709281E+026
         952  -1.0389431654709279E+026
         953  -1.0389431654709277E+026
         954  -1.0389431654709275E+026
         955  -1.0389431654709274E+026
         956  -1.0389431654709272E+026
         957  -1.0389431654709270E+026
         958  -1.0389431654709269E+026
         959  -1.0389431654709269E+026
         960  -1.0389431654709269E+026
         961  -1.0389431654709269E+026
         962  -1.0389431654709269E+026
         963  -1.0389431654709269E+026
         964  -1.0389431654709269E+026
         965  -1.0389431654709269E+026
         966  -1.0389431654709269E+026
         967  -1.0389431654709269E+026
         968  -1.0389431654709269E+026
         969  -1.0389431654709269E+026
         970  -1.0389431654709269E+026
         971  -1.0389431654709269E+026
         972  -1.0389431654709269E+026
         973  -1.0389431654709269E+026
         974  -1.0389431654709269E+026
         975  -1.0389431654709269E+026
         976  -1.0389431654709269E+026
         977  -1.0389431654709269E+026
         978  -1.0389431654709269E+026
         979  -1.0389431654709269E+026
         980  -1.0389431654709269E+026
         981  -1.0389431654709269E+026
         982  -1.0389431654709269E+026
         983  -1.0389431654709269E+026
         984  -1.0389431654709269E+026
         985  -1.0389431654709269E+026
         986  -1.0389431654709269E+026
         987  -1.0389431654709269E+026
         988  -1.0389431654709269E+026
         989  -1.0389431654709269E+026
         990  -1.0389431654709269E+026
         991  -1.0389431654709269E+026
         992  -1.0389431654709269E+026
         993  -1.0389431654709269E+026
         994  -1.0389431654709269E+026
         995  -1.0389431654709269E+026
         996  -1.0389431654709269E+026
         997  -1.0389431654709269E+026
         998  -1.0389431654709269E+026
         999  -1.0389431654709269E+026
        1000  -1.0389431654709269E+026
        1001  -1.0389431654709269E+026
        1002  -1.0389431654709269E+026
        1003  -1.0389431654709269E+026
        1004  -1.0389431654709269E+026
        1005  -1.0389431654709269E+026
        1006  -1.0389431654709269E+026
        1007  -1.0389431654709269E+026
        1008  -1.0389431654709269E+026
        1009  -1.0389431654709269E+026
        1010  -1.0389431654709269E+026
        1011  -1.0389431654709269E+026
        1012  -1.0389431654709269E+026
        1013  -1.0389431654709269E+026
        1014  -1.0389431654709269E+026
        1015  -1.0389431654709269E+026
        1016  -1.0389431654709269E+026
        1017  -1.0389431654709269E+026
        1018  -1.0389431654709269E+026
        1019  -1.0389431654709269E+026
        1020  -1.0389431654709269E+026
        1021  -1.0389431654709269E+026
        1022  -1.0389431654709269E+026
        1023  -1.0389431654709269E+026
        1024  -1.0389431654709269E+026
        1025  -1.0389431654709269E+026
        1026  -1.0389431654709269E+026
        1027  -1.0389431654709269E+026
        1028  -1.0389431654709269E+026
        1029  -1.0389431654709269E+026
        1030  -1.0389431654709269E+026
        1031  -1.0389431654709269E+026
        1032  -1.0389431654709269E+026
        1033  -1.0389431654709269E+026
        1034  -1.0389431654709269E+026
        1035  -1.0389431654709269E+026
        1036  -1.0389431654709269E+026
        1037  -1.0389431654709269E+026
        1038  -1.0389431654709269E+026
        1039  -1.0389431654709269E+026
        1040  -1.0389431654709269E+026
        1041  -1.0389431654709269E+026
        1042  -1.0389431654709269E+026
        1043  -1.0389431654709269E+026
        1044  -1.0389431654709269E+026
        1045  -1.0389431654709269E+026
        1046  -1.0389431654709269E+026
        1047  -1.0389431654709269E+026
        1048  -1.0389431654709269E+026
        1049  -1.0389431654709269E+026
        1050  -1.0389431654709269E+026
        1051  -1.0389431654709269E+026
        1052  -1.0389431654709269E+026
        1053  -1.0389431654709269E+026
        1054  -1.0389431654709269E+026
        1055  -1.0389431654709269E+026
        1056  -1.0389431654709269E+026
        1057  -1.0389431654709269E+026
        1058  -1.0389431654709269E+026
        1059  -1.0389431654709269E+026
        1060  -1.0389431654709269E+026
        1061  -1.0389431654709269E+026
        1062  -1.0389431654709269E+026
        1063  -1.0389431654709269E+026
        1064  -1.0389431654709269E+026
        1065  -1.0389431654709269E+026
        1066  -1.0389431654709269E+026
        1067  -1.0389431654709269E+026
        1068  -1.0389431654709269E+026
        1069  -1.0389431654709269E+026
        1070  -1.0389431654709269E+026
        1071  -1.0389431654709269E+026
        1072  -1.0389431654709269E+026
        1073  -1.0389431654709269E+026
        1074  -1.0389431654709269E+026
        1075  -1.0389431654709269E+026
        1076  -1.0389431654709269E+026
        1077  -1.0389431654709269E+026
        1078  -1.0389431654709269E+026
        1079  -1.0389431654709269E+026
        1080  -1.0389431654709269E+026
        1081  -1.0389431654709269E+026
        1082  -1.0389431654709269E+026
        1083  -1.0389431654709269E+026
        1084  -1.0389431654709269E+026
        1085  -1.0389431654709269E+026
        1086  -1.0389431654709269E+026
        1087  -1.0389431654709269E+026
        1088  -1.0389431654709269E+026
        1089  -1.0389431654709269E+026
        1090  -1.0389431654709269E+026
        1091  -1.0389431654709269E+026
        1092  -1.0389431654709269E+026
        1093  -1.0389431654709269E+026
        1094  -1.0389431654709269E+026
        1095  -1.0389431654709269E+026
        1096  -1.0389431654709269E+026
        1097  -1.0389431654709269E+026
        1098  -1.0389431654709269E+026
        1099  -1.0389431654709269E+026
        1100  -1.0389431654709269E+026
        1101  -1.0389431654709269E+026
        1102  -1.0389431654709269E+026
        1103  -1.0389431654709269E+026
        1104  -1.0389431654709269E+026
        1105  -1.0389431654709269E+026
        1106  -1.0389431654709269E+026
        1107  -1.0389431654709269E+026
        1108  -1.0389431654709269E+026
        1109  -1.0389431654709269E+026
        1110  -1.0389431654709269E+026
        1111  -1.0389431654709269E+026
        1112  -1.0389431654709269E+026
        1113  -1.0389431654709269E+026
        1114  -1.0389431654709269E+026
        1115  -1.0389431654709269E+026
        1116  -1.0389431654709269E+026
        1117  -1.0389431654709269E+026
        1118  -1.0389431654709269E+026
        1119  -1.0389431654709269E+026
        1120  -1.0389431654709269E+026
        1121  -1.0389431654709269E+026
        1122  -1.0389431654709269E+026
        1123  -1.0389431654709269E+026
        1124  -1.0389431654709269E+026
        1125  -1.0389431654709269E+026
        1126  -1.0389431654709269E+026
        1127  -1.0389431654709269E+026
        1128  -1.0389431654709269E+026
        1129  -1.0389431654709269E+026
        1130  -1.0389431654709269E+026
        1131  -1.0389431654709269E+026
        1132  -1.0389431654709269E+026
        1133  -1.0389431654709269E+026
        1134  -1.0389431654709269E+026
        1135  -1.0389431654709269E+026
        1136  -1.0389431654709269E+026
        1137  -1.0389431654709269E+026
        1138  -1.0389431654709269E+026
        1139  -1.0389431654709269E+026
        1140  -1.0389431654709269E+026
        1141  -1.0389431654709269E+026
        1142  -1.0389431654709269E+026
        1143  -1.0389431654709269E+026
        1144  -1.0389431654709269E+026
        1145  -1.0389431654709269E+026
        1146  -1.0389431654709269E+026
        1147  -1.0389431654709269E+026
        1148  -1.0389431654709269E+026
        1149  -1.0389431654709269E+026
        1150  -1.0389431654709269E+026
        1151  -1.0389431654709269E+026
        1152  -1.0389431654709269E+026
        1153  -1.0389431654709269E+026
        1154  -1.0389431654709269E+026
        1155  -1.0389431654709269E+026
        1156  -1.0389431654709269E+026
        1157  -1.0389431654709269E+026
        1158  -1.0389431654709269E+026
        1159  -1.0389431654709269E+026
        1160  -1.0389431654709269E+026
        1161  -1.0389431654709269E+026
        1162  -1.0389431654709269E+026
        1163  -1.0389431654709269E+026
        1164  -1.0389431654709269E+026
        1165  -1.0389431654709269E+026
        1166  -1.0389431654709269E+026
        1167  -1.0389431654709269E+026
        1168  -1.0389431654709269E+026
        1169  -1.0389431654709269E+026
        1170  -1.0389431654709269E+026
        1171  -1.0389431654709269E+026
        1172  -1.0389431654709269E+026
        1173  -1.0389431654709269E+026
        1174  -1.0389431654709269E+026
        1175  -1.0389431654709269E+026
        1176  -1.0389431654709269E+026
        1177  -1.0389431654709269E+026
        1178  -1.0389431654709269E+026
        1179  -1.0389431654709269E+026
        1180  -1.0389431654709269E+026
        1181  -1.0389431654709269E+026
        1182  -1.0389431654709269E+026
        1183  -1.0389431654709269E+026
        1184  -1.0389431654709269E+026
        1185  -1.0389431654709269E+026
        1186  -1.0389431654709269E+026
        1187  -1.0389431654709269E+026
        1188  -1.0389431654709269E+026
        1189  -1.0389431654709269E+026
        1190  -1.0389431654709269E+026
        1191  -1.0389431654709269E+026
        1192  -1.0389431654709269E+026
        1193  -1.0389431654709269E+026
        1194  -1.0389431654709269E+026
        1195  -1.0389431654709269E+026
        1196  -1.0389431654709269E+026
        1197  -1.0389431654709269E+026
        1198  -1.0389431654709269E+026
        1199  -1.0389431654709269E+026
        1200  -1.0389431654709269E+026
        1201  -1.0389431654709269E+026
        1202  -1.0389431654709269E+026
        1203  -1.0389431654709269E+026
        1204  -1.0389431654709269E+026
        1205  -1.0389431654709269E+026
        1206  -1.0389431654709269E+026
        1207  -1.0389431654709269E+026
        1208  -1.0389431654709269E+026
        1209  -1.0389431654709269E+026
        1210  -1.0389431654709269E+026
        1211  -1.0389431654709269E+026
        1212  -1.0389431654709269E+026
        1213  -1.0389431654709269E+026
        1214  -1.0389431654709269E+026
        1215  -1.0389431654709269E+026
        1216  -1.0389431654709269E+026
        1217  -1.0389431654709269E+026
        1218  -1.0389431654709269E+026
        1219  -1.0389431654709269E+026
        1220  -1.0389431654709269E+026
        1221  -1.0389431654709269E+026
        1222  -1.0389431654709269E+026
        1223  -1.0389431654709269E+026
        1224  -1.0389431654709269E+026
        1225  -1.0389431654709269E+026
        1226  -1.0389431654709269E+026
        1227  -1.0389431654709269E+026
        1228  -1.0389431654709269E+026
        1229  -1.0389431654709269E+026
        1230  -1.0389431654709269E+026
        1231  -1.0389431654709269E+026
        1232  -1.0389431654709269E+026
        1233  -1.0389431654709269E+026
        1234  -1.0389431654709269E+026
        1235  -1.0389431654709269E+026
        1236  -1.0389431654709269E+026
        1237  -1.0389431654709269E+026
        1238  -1.0389431654709269E+026
        1239  -1.0389431654709269E+026
        1240  -1.0389431654709269E+026
        1241  -1.0389431654709269E+026
        1242  -1.0389431654709269E+026
        1243  -1.0389431654709269E+026
        1244  -1.0389431654709269E+026
        1245  -1.0389431654709269E+026
        1246  -1.0389431654709269E+026
        1247  -1.0389431654709269E+026
        1248  -1.0389431654709269E+026
        1249  -1.0389431654709269E+026
        1250  -1.0389431654709269E+026
        1251  -1.0389431654709269E+026
        1252  -1.0389431654709269E+026
        1253  -1.0389431654709269E+026
        1254  -1.0389431654709269E+026
        1255  -1.0389431654709269E+026
        1256  -1.0389431654709269E+026
        1257  -1.0389431654709269E+026
        1258  -1.0389431654709269E+026
        1259  -1.0389431654709269E+026
        1260  -1.0389431654709269E+026
        1261  -1.0389431654709269E+026
        1262  -1.0389431654709269E+026
        1263  -1.0389431654709269E+026
        1264  -1.0389431654709269E+026
        1265  -1.0389431654709269E+026
        1266  -1.0389431654709269E+026
        1267  -1.0389431654709269E+026
        1268  -1.0389431654709269E+026
        1269  -1.0389431654709269E+026
        1270  -1.0389431654709269E+026
        1271  -1.0389431654709269E+026
        1272  -1.0389431654709269E+026
        1273  -1.0389431654709269E+026
        1274  -1.0389431654709269E+026
        1275  -1.0389431654709269E+026
        1276  -1.0389431654709269E+026
        1277  -1.0389431654709269E+026
        1278  -1.0389431654709269E+026
        1279  -1.0389431654709269E+026
        1280  -1.0389431654709269E+026
        1281  -1.0389431654709269E+026
        1282  -1.0389431654709269E+026
        1283  -1.0389431654709269E+026
        1284  -1.0389431654709269E+026
        1285  -1.0389431654709269E+026
        1286  -1.0389431654709269E+026
        1287  -1.0389431654709269E+026
        1288  -1.0389431654709269E+026
        1289  -1.0389431654709269E+026
        1290  -1.0389431654709269E+026
        1291  -1.0389431654709269E+026
        1292  -1.0389431654709269E+026
        1293  -1.0389431654709269E+026
        1294  -1.0389431654709269E+026
        1295  -1.0389431654709269E+026
        1296  -1.0389431654709269E+026
        1297  -1.0389431654709269E+026
        1298  -1.0389431654709269E+026
        1299  -1.0389431654709269E+026
        1300  -1.0389431654709269E+026
        1301  -1.0389431654709269E+026
        1302  -1.0389431654709269E+026
        1303  -1.0389431654709269E+026
        1304  -1.0389431654709269E+026
        1305  -1.0389431654709269E+026
        1306  -1.0389431654709269E+026
        1307  -1.0389431654709269E+026
        1308  -1.0389431654709269E+026
        1309  -1.0389431654709269E+026
        1310  -1.0389431654709269E+026
        1311  -1.0389431654709269E+026
        1312  -1.0389431654709269E+026
        1313  -1.0389431654709269E+026
        1314  -1.0389431654709269E+026
        1315  -1.0389431654709269E+026
        1316  -1.0389431654709269E+026
        1317  -1.0389431654709269E+026
        1318  -1.0389431654709269E+026
        1319  -1.0389431654709269E+026
        1320  -1.0389431654709269E+026
        1321  -1.0389431654709269E+026
        1322  -1.0389431654709269E+026
        1323  -1.0389431654709269E+026
        1324  -1.0389431654709269E+026
        1325  -1.0389431654709269E+026
        1326  -1.0389431654709269E+026
        1327  -1.0389431654709269E+026
        1328  -1.0389431654709269E+026
        1329  -1.0389431654709269E+026
        1330  -1.0389431654709269E+026
        1331  -1.0389431654709269E+026
        1332  -1.0389431654709269E+026
        1333  -1.0389431654709269E+026
        1334  -1.0389431654709269E+026
        1335  -1.0389431654709269E+026
        1336  -1.0389431654709269E+026
        1337  -1.0389431654709269E+026
        1338  -1.0389431654709269E+026
        1339  -1.0389431654709269E+026
        1340  -1.0389431654709269E+026
        1341  -1.0389431654709269E+026
        1342  -1.0389431654709269E+026
        1343  -1.0389431654709269E+026
        1344  -1.0389431654709269E+026
        1345  -1.0389431654709269E+026
        1346  -1.0389431654709269E+026
        1347  -1.0389431654709269E+026
        1348  -1.0389431654709269E+026
        1349  -1.0389431654709269E+026
        1350  -1.0389431654709269E+026
        1351  -1.0389431654709269E+026
        1352  -1.0389431654709269E+026
        1353  -1.0389431654709269E+026
        1354  -1.0389431654709269E+026
        1355  -1.0389431654709269E+026
        1356  -1.0389431654709269E+026
        1357  -1.0389431654709269E+026
        1358  -1.0389431654709269E+026
        1359  -1.0389431654709269E+026
        1360  -1.0389431654709269E+026
        1361  -1.0389431654709269E+026
        1362  -1.0389431654709269E+026
        1363  -1.0389431654709269E+026
        1364  -1.0389431654709269E+026
        1365  -1.0389431654709269E+026
        1366  -1.0389431654709269E+026
        1367  -1.0389431654709269E+026
        1368  -1.0389431654709269E+026
        1369  -1.0389431654709269E+026
        1370  -1.0389431654709269E+026
        1371  -1.0389431654709269E+026
        1372  -1.0389431654709269E+026
        1373  -1.0389431654709269E+026
        1374  -1.0389431654709269E+026
        1375  -1.0389431654709269E+026
        1376  -1.0389431654709269E+026
        1377  -1.0389431654709269E+026
        1378  -1.0389431654709269E+026
        1379  -1.0389431654709269E+026
        1380  -1.0389431654709269E+026
        1381  -1.0389431654709269E+026
        1382  -1.0389431654709269E+026
        1383  -1.0389431654709269E+026
        1384  -1.0389431654709269E+026
        1385  -1.0389431654709269E+026
        1386  -1.0389431654709269E+026
        1387  -1.0389431654709269E+026
        1388  -1.0389431654709269E+026
        1389  -1.0389431654709269E+026
        1390  -1.0389431654709269E+026
        1391  -1.0389431654709269E+026
        1392  -1.0389431654709269E+026
        1393  -1.0389431654709269E+026
        1394  -1.0389431654709269E+026
        1395  -1.0389431654709269E+026
        1396  -1.0389431654709269E+026
        1397  -1.0389431654709269E+026
        1398  -1.0389431654709269E+026
        1399  -1.0389431654709269E+026
        1400  -1.0389431654709269E+026
        1401  -1.0389431654709269E+026
        1402  -1.0389431654709269E+026
        1403  -1.0389431654709269E+026
        1404  -1.0389431654709269E+026
        1405  -1.0389431654709269E+026
        1406  -1.0389431654709269E+026
        1407  -1.0389431654709269E+026
        1408  -1.0389431654709269E+026
        1409  -1.0389431654709269E+026
        1410  -1.0389431654709269E+026
        1411  -1.0389431654709269E+026
        1412  -1.0389431654709269E+026
        1413  -1.0389431654709269E+026
        1414  -1.0389431654709269E+026
        1415  -1.0389431654709269E+026
        1416  -1.0389431654709269E+026
        1417  -1.0389431654709269E+026
        1418  -1.0389431654709269E+026
        1419  -1.0389431654709269E+026
        1420  -1.0389431654709269E+026
        1421  -1.0389431654709269E+026
        1422  -1.0389431654709269E+026
        1423  -1.0389431654709269E+026
        1424  -1.0389431654709269E+026
        1425  -1.0389431654709269E+026
        1426  -1.0389431654709269E+026
        1427  -1.0389431654709269E+026
        1428  -1.0389431654709269E+026
        1429  -1.0389431654709269E+026
        1430  -1.0389431654709269E+026
        1431  -1.0389431654709269E+026
        1432  -1.0389431654709269E+026
        1433  -1.0389431654709269E+026
        1434  -1.0389431654709269E+026
        1435  -1.0389431654709269E+026
        1436  -1.0389431654709269E+026
        1437  -1.0389431654709269E+026
        1438  -1.0389431654709269E+026
        1439  -1.0389431654709269E+026
        1440  -1.0389431654709269E+026
        1441  -1.0389431654709269E+026
        1442  -1.0389431654709269E+026
        1443  -1.0389431654709269E+026
        1444  -1.0389431654709269E+026
        1445  -1.0389431654709269E+026
        1446  -1.0389431654709269E+026
        1447  -1.0389431654709269E+026
        1448  -1.0389431654709269E+026
        1449  -1.0389431654709269E+026
        1450  -1.0389431654709269E+026
        1451  -1.0389431654709269E+026
        1452  -1.0389431654709269E+026
        1453  -1.0389431654709269E+026
        1454  -1.0389431654709269E+026
        1455  -1.0389431654709269E+026
        1456  -1.0389431654709269E+026
        1457  -1.0389431654709269E+026
        1458  -1.0389431654709269E+026
        1459  -1.0389431654709269E+026
        1460  -1.0389431654709269E+026
        1461  -1.0389431654709269E+026
        1462  -1.0389431654709269E+026
        1463  -1.0389431654709269E+026
        1464  -1.0389431654709269E+026
        1465  -1.0389431654709269E+026
        1466  -1.0389431654709269E+026
        1467  -1.0389431654709269E+026
        1468  -1.0389431654709269E+026
        1469  -1.0389431654709269E+026
        1470  -1.0389431654709269E+026
        1471  -1.0389431654709269E+026
        1472  -1.0389431654709269E+026
        1473  -1.0389431654709269E+026
        1474  -1.0389431654709269E+026
        1475  -1.0389431654709269E+026
        1476  -1.0389431654709269E+026
        1477  -1.0389431654709269E+026
        1478  -1.0389431654709269E+026
        1479  -1.0389431654709269E+026
        1480  -1.0389431654709269E+026
        1481  -1.0389431654709269E+026
        1482  -1.0389431654709269E+026
        1483  -1.0389431654709269E+026
        1484  -1.0389431654709269E+026
        1485  -1.0389431654709269E+026
        1486  -1.0389431654709269E+026
        1487  -1.0389431654709269E+026
        1488  -1.0389431654709269E+026
        1489  -1.0389431654709269E+026
        1490  -1.0389431654709269E+026
        1491  -1.0389431654709269E+026
        1492  -1.0389431654709269E+026
        1493  -1.0389431654709269E+026
        1494  -1.0389431654709269E+026
        1495  -1.0389431654709269E+026
        1496  -1.0389431654709269E+026
        1497  -1.0389431654709269E+026
        1498  -1.0389431654709269E+026
        1499  -1.0389431654709269E+026
        1500  -1.0389431654709269E+026
        1501  -1.0389431654709269E+026
        1502  -1.0389431654709269E+026
        1503  -1.0389431654709269E+026
        1504  -1.0389431654709269E+026
        1505  -1.0389431654709269E+026
        1506  -1.0389431654709269E+026
        1507  -1.0389431654709269E+026
        1508  -1.0389431654709269E+026
        1509  -1.0389431654709269E+026
        1510  -1.0389431654709269E+026
        1511  -1.0389431654709269E+026
        1512  -1.0389431654709269E+026
        1513  -1.0389431654709269E+026
        1514  -1.0389431654709269E+026
        1515  -1.0389431654709269E+026
        1516  -1.0389431654709269E+026
        1517  -1.0389431654709269E+026
        1518  -1.0389431654709269E+026
        1519  -1.0389431654709269E+026
        1520  -1.0389431654709269E+026
        1521  -1.0389431654709269E+026
        1522  -1.0389431654709269E+026
        1523  -1.0389431654709269E+026
        1524  -1.0389431654709269E+026
        1525  -1.0389431654709269E+026
        1526  -1.0389431654709269E+026
        1527  -1.0389431654709269E+026
        1528  -1.0389431654709269E+026
        1529  -1.0389431654709269E+026
        1530  -1.0389431654709269E+026
        1531  -1.0389431654709269E+026
        1532  -1.0389431654709269E+026
        1533  -1.0389431654709269E+026
        1534  -1.0389431654709269E+026
        1535  -1.0389431654709269E+026
        1536  -1.0389431654709269E+026
        1537  -1.0389431654709269E+026
        1538  -1.0389431654709269E+026
        1539  -1.0389431654709269E+026
        1540  -1.0389431654709269E+026
        1541  -1.0389431654709269E+026
        1542  -1.0389431654709269E+026
        1543  -1.0389431654709269E+026
        1544  -1.0389431654709269E+026
        1545  -1.0389431654709269E+026
        1546  -1.0389431654709269E+026
        1547  -1.0389431654709269E+026
        1548  -1.0389431654709269E+026
        1549  -1.0389431654709269E+026
        1550  -1.0389431654709269E+026
        1551  -1.0389431654709269E+026
        1552  -1.0389431654709269E+026
        1553  -1.0389431654709269E+026
        1554  -1.0389431654709269E+026
        1555  -1.0389431654709269E+026
        1556  -1.0389431654709269E+026
        1557  -1.0389431654709269E+026
        1558  -1.0389431654709269E+026
        1559  -1.0389431654709269E+026
        1560  -1.0389431654709269E+026
        1561  -1.0389431654709269E+026
        1562  -1.0389431654709269E+026
        1563  -1.0389431654709269E+026
        1564  -1.0389431654709269E+026
        1565  -1.0389431654709269E+026
        1566  -1.0389431654709269E+026
        1567  -1.0389431654709269E+026
        1568  -1.0389431654709269E+026
        1569  -1.0389431654709269E+026
        1570  -1.0389431654709269E+026
        1571  -1.0389431654709269E+026
        1572  -1.0389431654709269E+026
        1573  -1.0389431654709269E+026
        1574  -1.0389431654709269E+026
        1575  -1.0389431654709269E+026
        1576  -1.0389431654709269E+026
        1577  -1.0389431654709269E+026
        1578  -1.0389431654709269E+026
        1579  -1.0389431654709269E+026
        1580  -1.0389431654709269E+026
        1581  -1.0389431654709269E+026
        1582  -1.0389431654709269E+026
        1583  -1.0389431654709269E+026
        1584  -1.0389431654709269E+026
        1585  -1.0389431654709269E+026
        1586  -1.0389431654709269E+026
        1587  -1.0389431654709269E+026
        1588  -1.0389431654709269E+026
        1589  -1.0389431654709269E+026
        1590  -1.0389431654709269E+026
        1591  -1.0389431654709269E+026
        1592  -1.0389431654709269E+026
        1593  -1.0389431654709269E+026
        1594  -1.0389431654709269E+026
        1595  -1.0389431654709269E+026
        1596  -1.0389431654709269E+026
        1597  -1.0389431654709269E+026
        1598  -1.0389431654709269E+026
        1599  -1.0389431654709269E+026
        1600  -1.0389431654709269E+026
        1601  -1.0389431654709269E+026
        1602  -1.0389431654709269E+026
        1603  -1.0389431654709269E+026
        1604  -1.0389431654709269E+026
        1605  -1.0389431654709269E+026
        1606  -1.0389431654709269E+026
        1607  -1.0389431654709269E+026
        1608  -1.0389431654709269E+026
        1609  -1.0389431654709269E+026
        1610  -1.0389431654709269E+026
        1611  -1.0389431654709269E+026
        1612  -1.0389431654709269E+026
        1613  -1.0389431654709269E+026
        1614  -1.0389431654709269E+026
        1615  -1.0389431654709269E+026
        1616  -1.0389431654709269E+026
        1617  -1.0389431654709269E+026
        1618  -1.0389431654709269E+026
        1619  -1.0389431654709269E+026
        1620  -1.0389431654709269E+026
        1621  -1.0389431654709269E+026
        1622  -1.0389431654709269E+026
        1623  -1.0389431654709269E+026
        1624  -1.0389431654709269E+026
        1625  -1.0389431654709269E+026
        1626  -1.0389431654709269E+026
        1627  -1.0389431654709269E+026
        1628  -1.0389431654709269E+026
        1629  -1.0389431654709269E+026
        1630  -1.0389431654709269E+026
        1631  -1.0389431654709269E+026
        1632  -1.0389431654709269E+026
        1633  -1.0389431654709269E+026
        1634  -1.0389431654709269E+026
        1635  -1.0389431654709269E+026
        1636  -1.0389431654709269E+026
        1637  -1.0389431654709269E+026
        1638  -1.0389431654709269E+026
        1639  -1.0389431654709269E+026
        1640  -1.0389431654709269E+026
        1641  -1.0389431654709269E+026
        1642  -1.0389431654709269E+026
        1643  -1.0389431654709269E+026
        1644  -1.0389431654709269E+026
        1645  -1.0389431654709269E+026
        1646  -1.0389431654709269E+026
        1647  -1.0389431654709269E+026
        1648  -1.0389431654709269E+026
        1649  -1.0389431654709269E+026
        1650  -1.0389431654709269E+026
        1651  -1.0389431654709269E+026
        1652  -1.0389431654709269E+026
        1653  -1.0389431654709269E+026
        1654  -1.0389431654709269E+026
        1655  -1.0389431654709269E+026
        1656  -1.0389431654709269E+026
        1657  -1.0389431654709269E+026
        1658  -1.0389431654709269E+026
        1659  -1.0389431654709269E+026
        1660  -1.0389431654709269E+026
        1661  -1.0389431654709269E+026
        1662  -1.0389431654709269E+026
        1663  -1.0389431654709269E+026
        1664  -1.0389431654709269E+026
        1665  -1.0389431654709269E+026
        1666  -1.0389431654709269E+026
        1667  -1.0389431654709269E+026
        1668  -1.0389431654709269E+026
        1669  -1.0389431654709269E+026
        1670  -1.0389431654709269E+026
        1671  -1.0389431654709269E+026
        1672  -1.0389431654709269E+026
        1673  -1.0389431654709269E+026
        1674  -1.0389431654709269E+026
        1675  -1.0389431654709269E+026
        1676  -1.0389431654709269E+026
        1677  -1.0389431654709269E+026
        1678  -1.0389431654709269E+026
        1679  -1.0389431654709269E+026
        1680  -1.0389431654709269E+026
        1681  -1.0389431654709269E+026
        1682  -1.0389431654709269E+026
        1683  -1.0389431654709269E+026
        1684  -1.0389431654709269E+026
        1685  -1.0389431654709269E+026
        1686  -1.0389431654709269E+026
        1687  -1.0389431654709269E+026
        1688  -1.0389431654709269E+026
        1689  -1.0389431654709269E+026
        1690  -1.0389431654709269E+026
        1691  -1.0389431654709269E+026
        1692  -1.0389431654709269E+026
        1693  -1.0389431654709269E+026
        1694  -1.0389431654709269E+026
        1695  -1.0389431654709269E+026
        1696  -1.0389431654709269E+026
        1697  -1.0389431654709269E+026
        1698  -1.0389431654709269E+026
        1699  -1.0389431654709269E+026
        1700  -1.0389431654709269E+026
        1701  -1.0389431654709269E+026
        1702  -1.0389431654709269E+026
        1703  -1.0389431654709269E+026
        1704  -1.0389431654709269E+026
        1705  -1.0389431654709269E+026
        1706  -1.0389431654709269E+026
        1707  -1.0389431654709269E+026
        1708  -1.0389431654709269E+026
        1709  -1.0389431654709269E+026
        1710  -1.0389431654709269E+026
        1711  -1.0389431654709269E+026
        1712  -1.0389431654709269E+026
        1713  -1.0389431654709269E+026
        1714  -1.0389431654709269E+026
        1715  -1.0389431654709269E+026
        1716  -1.0389431654709269E+026
        1717  -1.0389431654709269E+026
        1718  -1.0389431654709269E+026
        1719  -1.0389431654709269E+026
        1720  -1.0389431654709269E+026
        1721  -1.0389431654709269E+026
        1722  -1.0389431654709269E+026
        1723  -1.0389431654709269E+026
        1724  -1.0389431654709269E+026
        1725  -1.0389431654709269E+026
        1726  -1.0389431654709269E+026
        1727  -1.0389431654709269E+026
        1728  -1.0389431654709269E+026
        1729  -1.0389431654709269E+026
        1730  -1.0389431654709269E+026
        1731  -1.0389431654709269E+026
        1732  -1.0389431654709269E+026
        1733  -1.0389431654709269E+026
        1734  -1.0389431654709269E+026
        1735  -1.0389431654709269E+026
        1736  -1.0389431654709269E+026
        1737  -1.0389431654709269E+026
        1738  -1.0389431654709269E+026
        1739  -1.0389431654709269E+026
        1740  -1.0389431654709269E+026
        1741  -1.0389431654709269E+026
        1742  -1.0389431654709269E+026
        1743  -1.0389431654709269E+026
        1744  -1.0389431654709269E+026
        1745  -1.0389431654709269E+026
        1746  -1.0389431654709269E+026
        1747  -1.0389431654709269E+026
        1748  -1.0389431654709269E+026
        1749  -1.0389431654709269E+026
        1750  -1.0389431654709269E+026
        1751  -1.0389431654709269E+026
        1752  -1.0389431654709269E+026
        1753  -1.0389431654709269E+026
        1754  -1.0389431654709269E+026
        1755  -1.0389431654709269E+026
        1756  -1.0389431654709269E+026
        1757  -1.0389431654709269E+026
        1758  -1.0389431654709269E+026
        1759  -1.0389431654709269E+026
        1760  -1.0389431654709269E+026
        1761  -1.0389431654709269E+026
        1762  -1.0389431654709269E+026
        1763  -1.0389431654709269E+026
        1764  -1.0389431654709269E+026
        1765  -1.0389431654709269E+026
        1766  -1.0389431654709269E+026
        1767  -1.0389431654709269E+026
        1768  -1.0389431654709269E+026
        1769  -1.0389431654709269E+026
        1770  -1.0389431654709269E+026
        1771  -1.0389431654709269E+026
        1772  -1.0389431654709269E+026
        1773  -1.0389431654709269E+026
        1774  -1.0389431654709269E+026
        1775  -1.0389431654709269E+026
        1776  -1.0389431654709269E+026
        1777  -1.0389431654709269E+026
        1778  -1.0389431654709269E+026
        1779  -1.0389431654709269E+026
        1780  -1.0389431654709269E+026
        1781  -1.0389431654709269E+026
        1782  -1.0389431654709269E+026
        1783  -1.0389431654709269E+026
        1784  -1.0389431654709269E+026
        1785  -1.0389431654709269E+026
        1786  -1.0389431654709269E+026
        1787  -1.0389431654709269E+026
        1788  -1.0389431654709269E+026
        1789  -1.0389431654709269E+026
        1790  -1.0389431654709269E+026
        1791  -1.0389431654709269E+026
        1792  -1.0389431654709269E+026
        1793  -1.0389431654709269E+026
        1794  -1.0389431654709269E+026
        1795  -1.0389431654709269E+026
        1796  -1.0389431654709269E+026
        1797  -1.0389431654709269E+026
        1798  -1.0389431654709269E+026
        1799  -1.0389431654709269E+026
        1800  -1.0389431654709269E+026
        1801  -1.0389431654709269E+026
        1802  -1.0389431654709269E+026
        1803  -1.0389431654709269E+026
        1804  -1.0389431654709269E+026
        1805  -1.0389431654709269E+026
        1806  -1.0389431654709269E+026
        1807  -1.0389431654709269E+026
        1808  -1.0389431654709269E+026
        1809  -1.0389431654709269E+026
        1810  -1.0389431654709269E+026
        1811  -1.0389431654709269E+026
        1812  -1.0389431654709269E+026
        1813  -1.0389431654709269E+026
        1814  -1.0389431654709269E+026
        1815  -1.0389431654709269E+026
        1816  -1.0389431654709269E+026
        1817  -1.0389431654709269E+026
        1818  -1.0389431654709269E+026
        1819  -1.0389431654709269E+026
        1820  -1.0389431654709269E+026
        1821  -1.0389431654709269E+026
        1822  -1.0389431654709269E+026
        1823  -1.0389431654709269E+026
        1824  -1.0389431654709269E+026
        1825  -1.0389431654709269E+026
        1826  -1.0389431654709269E+026
        1827  -1.0389431654709269E+026
        1828  -1.0389431654709269E+026
        1829  -1.0389431654709269E+026
        1830  -1.0389431654709269E+026
        1831  -1.0389431654709269E+026
        1832  -1.0389431654709269E+026
        1833  -1.0389431654709269E+026
        1834  -1.0389431654709269E+026
        1835  -1.0389431654709269E+026
        1836  -1.0389431654709269E+026
        1837  -1.0389431654709269E+026
        1838  -1.0389431654709269E+026
        1839  -1.0389431654709269E+026
        1840  -1.0389431654709269E+026
        1841  -1.0389431654709269E+026
        1842  -1.0389431654709269E+026
        1843  -1.0389431654709269E+026
        1844  -1.0389431654709269E+026
        1845  -1.0389431654709269E+026
        1846  -1.0389431654709269E+026
        1847  -1.0389431654709269E+026
        1848  -1.0389431654709269E+026
        1849  -1.0389431654709269E+026
        1850  -1.0389431654709269E+026
        1851  -1.0389431654709269E+026
        1852  -1.0389431654709269E+026
        1853  -1.0389431654709269E+026
        1854  -1.0389431654709269E+026
        1855  -1.0389431654709269E+026
        1856  -1.0389431654709269E+026
        1857  -1.0389431654709269E+026
        1858  -1.0389431654709269E+026
        1859  -1.0389431654709269E+026
        1860  -1.0389431654709269E+026
        1861  -1.0389431654709269E+026
        1862  -1.0389431654709269E+026
        1863  -1.0389431654709269E+026
        1864  -1.0389431654709269E+026
        1865  -1.0389431654709269E+026
        1866  -1.0389431654709269E+026
        1867  -1.0389431654709269E+026
        1868  -1.0389431654709269E+026
        1869  -1.0389431654709269E+026
        1870  -1.0389431654709269E+026
        1871  -1.0389431654709269E+026
        1872  -1.0389431654709269E+026
        1873  -1.0389431654709269E+026
        1874  -1.0389431654709269E+026
        1875  -1.0389431654709269E+026
        1876  -1.0389431654709269E+026
        1877  -1.0389431654709269E+026
        1878  -1.0389431654709269E+026
        1879  -1.0389431654709269E+026
        1880  -1.0389431654709269E+026
        1881  -1.0389431654709269E+026
        1882  -1.0389431654709269E+026
        1883  -1.0389431654709269E+026
        1884  -1.0389431654709269E+026
        1885  -1.0389431654709269E+026
        1886  -1.0389431654709269E+026
        1887  -1.0389431654709269E+026
        1888  -1.0389431654709269E+026
        1889  -1.0389431654709269E+026
        1890  -1.0389431654709269E+026
        1891  -1.0389431654709269E+026
        1892  -1.0389431654709269E+026
        1893  -1.0389431654709269E+026
        1894  -1.0389431654709269E+026
        1895  -1.0389431654709269E+026
        1896  -1.0389431654709269E+026
        1897  -1.0389431654709269E+026
        1898  -1.0389431654709269E+026
        1899  -1.0389431654709269E+026
        1900  -1.0389431654709269E+026
        1901  -1.0389431654709269E+026
        1902  -1.0389431654709269E+026
        1903  -1.0389431654709269E+026
        1904  -1.0389431654709269E+026
        1905  -1.0389431654709269E+026
        1906  -1.0389431654709269E+026
        1907  -1.0389431654709269E+026
        1908  -1.0389431654709269E+026
        1909  -1.0389431654709269E+026
        1910  -1.0389431654709269E+026
        1911  -1.0389431654709269E+026
        1912  -1.0389431654709269E+026
        1913  -1.0389431654709269E+026
        1914  -1.0389431654709269E+026
        1915  -1.0389431654709269E+026
        1916  -1.0389431654709269E+026
        1917  -1.0389431654709269E+026
        1918  -1.0389431654709269E+026
        1919  -1.0389431654709269E+026
        1920  -1.0389431654709269E+026
        1921  -1.0389431654709269E+026
        1922  -1.0389431654709269E+026
        1923  -1.0389431654709269E+026
        1924  -1.0389431654709269E+026
        1925  -1.0389431654709269E+026
        1926  -1.0389431654709269E+026
        1927  -1.0389431654709269E+026
        1928  -1.0389431654709269E+026
        1929  -1.0389431654709269E+026
        1930  -1.0389431654709269E+026
        1931  -1.0389431654709269E+026
        1932  -1.0389431654709269E+026
        1933  -1.0389431654709269E+026
        1934  -1.0389431654709269E+026
        1935  -1.0389431654709269E+026
        1936  -1.0389431654709269E+026
        1937  -1.0389431654709269E+026
        1938  -1.0389431654709269E+026
        1939  -1.0389431654709269E+026
        1940  -1.0389431654709269E+026
        1941  -1.0389431654709269E+026
        1942  -1.0389431654709269E+026
        1943  -1.0389431654709269E+026
        1944  -1.0389431654709269E+026
        1945  -1.0389431654709269E+026
        1946  -1.0389431654709269E+026
        1947  -1.0389431654709269E+026
        1948  -1.0389431654709269E+026
        1949  -1.0389431654709269E+026
        1950  -1.0389431654709269E+026
        1951  -1.0389431654709269E+026
        1952  -1.0389431654709269E+026
        1953  -1.0389431654709269E+026
        1954  -1.0389431654709269E+026
        1955  -1.0389431654709269E+026
        1956  -1.0389431654709269E+026
        1957  -1.0389431654709269E+026
        1958  -1.0389431654709269E+026
        1959  -1.0389431654709269E+026
        1960  -1.0389431654709269E+026
        1961  -1.0389431654709269E+026
        1962  -1.0389431654709269E+026
        1963  -1.0389431654709269E+026
        1964  -1.0389431654709269E+026
        1965  -1.0389431654709269E+026
        1966  -1.0389431654709269E+026
        1967  -1.0389431654709269E+026
        1968  -1.0389431654709269E+026
        1969  -1.0389431654709269E+026
        1970  -1.0389431654709269E+026
        1971  -1.0389431654709269E+026
        1972  -1.0389431654709269E+026
        1973  -1.0389431654709269E+026
        1974  -1.0389431654709269E+026
        1975  -1.0389431654709269E+026
        1976  -1.0389431654709269E+026
        1977  -1.0389431654709269E+026
        1978  -1.0389431654709269E+026
        1979  -1.0389431654709269E+026
        1980  -1.0389431654709269E+026
        1981  -1.0389431654709269E+026
        1982  -1.0389431654709269E+026
        1983  -1.0389431654709269E+026
        1984  -1.0389431654709269E+026
        1985  -1.0389431654709269E+026
        1986  -1.0389431654709269E+026
        1987  -1.0389431654709269E+026
        1988  -1.0389431654709269E+026
        1989  -1.0389431654709269E+026
        1990  -1.0389431654709269E+026
        1991  -1.0389431654709269E+026
        1992  -1.0389431654709269E+026
        1993  -1.0389431654709269E+026
        1994  -1.0389431654709269E+026
        1995  -1.0389431654709269E+026
        1996  -1.0389431654709269E+026
        1997  -1.0389431654709269E+026
        1998  -1.0389431654709269E+026
        1999  -1.0389431654709269E+026
